1.000000
0.679919
0.693962
0.947321
0.878900
1.000000
0.834630
1.000000
1.000000
0.901033
1.000000
1.000000
1.000000
0.822943
0.897378
0.856678
0.694723
0.915649
0.757452
0.690186
0.623058
0.673151
0.488869
0.492256
0.289847
1.000000
0.551394
1.000000
0.937863
0.911292
0.928586
0.530388
0.390108
0.946908
1.000000
0.784902
0.214631
1.000000
1.000000
1.000000
0.385333
0.814208
0.482181
0.326206
0.872201
0.423945
0.769140
0.939777
0.852555
0.512311
1.000000
0.554558
0.424642
0.872682
0.919709
0.328386
0.556085
0.507800
0.379951
0.335144
0.921302
0.495639
0.696898
0.854618
1.000000
0.887209
1.000000
0.962883
0.892185
0.929522
0.261511
0.271039
0.353933
0.820424
0.648786
0.332661
1.000000
0.003696
0.698358
0.626111
0.744653
0.927686
0.938244
0.888247
1.000000
1.000000
0.900403
1.000000
0.415514
0.210783
1.000000
0.469031
1.000000
0.375751
1.000000
1.000000
0.203759
1.000000
0.588865
0.438519
1.000000
0.682430
1.000000
0.927065
0.609570
0.859569
1.000000
0.678700
0.280402
0.408233
0.364104
0.171014
1.000000
0.655925
0.664385
1.000000
0.399922
1.000000
0.915540
1.000000
0.596711
0.925600
0.252257
0.328165
0.568334
0.177517
0.526411
0.662516
0.725352
0.406872
0.326436
0.274461
0.644539
0.907100
0.888565
0.943304
0.306298
0.269965
0.557292
0.815820
0.975623
