0.708734
0.514300
0.229742
0.793389
0.761488
0.944886
0.865328
0.918444
0.141696
0.917497
0.806036
0.936305
0.941553
0.656992
0.805243
0.541916
0.622845
0.954961
0.776836
0.785472
0.944973
0.694756
0.923383
0.931064
0.749886
0.841084
0.803750
0.310111
0.773253
0.737706
0.695363
0.589485
0.506917
0.592770
0.849381
0.820576
0.525989
0.780368
0.830689
0.755440
0.705548
0.351156
0.737378
0.720111
0.935889
0.648014
0.264753
0.740835
0.647416
0.557841
0.792987
0.759178
0.924367
0.484159
0.759353
0.821072
0.470914
0.791952
0.347126
0.664656
0.778872
0.572852
0.770093
0.889025
0.934753
0.695639
0.722459
0.734215
0.848983
0.941069
0.822909
0.787486
0.827706
0.832554
0.921756
0.811969
0.809796
0.465509
0.471329
0.457951
0.668519
0.636452
0.650608
0.855833
0.905944
0.741816
0.878325
0.780251
0.631361
0.439392
0.929603
0.814313
0.795055
0.809843
0.788594
0.774606
0.609600
0.899948
0.858120
0.902022
0.916136
0.545768
0.650347
0.240929
0.488313
0.889535
0.449679
0.824458
0.513276
0.851297
0.659357
0.663917
0.882536
0.902078
0.394118
0.770081
0.852475
0.594277
0.712497
0.836112
0.205603
0.693808
0.468393
0.724042
0.676566
0.843658
0.846083
0.696935
0.585247
0.805786
0.820550
0.940736
0.694817
0.828239
0.835573
0.833852
0.240695
0.338247
0.967719
0.927062
0.952166
